1.400000000000000000e+01 1.087661653459348399e+00 2.309912567856069021e+00 1.376587521814861702e+03 7.661242220891584509e+01 2.378079786227765169e+01
1.800000000000000000e+01 1.093814922392576605e+00 2.379051420600271971e+00 1.860463084418518065e+02 2.745643797610590013e+02 5.343612723309874468e+01
1.100000000000000000e+01 1.086295175084608156e+00 2.360869098049565906e+00 5.905350798282286178e+02 1.368305608991980193e+02 3.060805226042072036e+01
2.000000000000000000e+00 1.013109876287121347e+00 2.383354229365314936e+00 4.205859696968780099e+02 8.706269668233328218e+01 5.161209217179744968e+01
1.000000000000000000e+01 1.086035618618494736e+00 2.395536921925457197e+00 3.349408200197758561e+02 9.348340100062702618e+01 7.014235774571601212e+01
1.000000000000000000e+00 1.057792061304679399e+00 2.383434144722233583e+00 -3.444920101203516651e+02 8.522249105886848497e+01 2.729189625703498123e+01
1.600000000000000000e+01 1.037294632175062903e+00 2.324539042579556014e+00 1.484573062767932242e+03 4.307489401508134108e+01 5.325781851663289501e+01
3.000000000000000000e+00 1.000055688550666844e+00 2.350436140458039169e+00 1.030658313773591317e+03 9.420120969901824992e+01 3.032068200529484514e+01
4.000000000000000000e+00 1.027815908980945325e+00 2.334692676810862455e+00 -3.725804569387671563e+02 6.639579238484134294e+01 6.900690566894930100e+01
1.700000000000000000e+01 1.067892851604389515e+00 2.390778929375713346e+00 1.174157707932741232e+03 2.940478973751395984e+02 6.518171518141113552e+01
1.600000000000000000e+01 1.037294632175062903e+00 2.324539042579556014e+00 1.484573062767932242e+03 1.808916292361208207e+02 5.019676351090934929e+01
5.000000000000000000e+00 1.088145673621301990e+00 2.346517782293722654e+00 -1.408737924021841081e+01 2.706967534922640084e+02 3.187357510882492662e+01
1.800000000000000000e+01 1.093814922392576605e+00 2.379051420600271971e+00 1.860463084418518065e+02 1.643779836774281193e+02 2.528062103475155098e+01
1.300000000000000000e+01 1.091986050381342332e+00 2.354701931928641745e+00 -5.641535585799041428e+02 2.817522022065293186e+02 2.513667759721626993e+01
4.000000000000000000e+00 1.027815908980945325e+00 2.334692676810862455e+00 -3.725804569387671563e+02 3.261274157174415791e+02 5.104210970106266387e+01
1.000000000000000000e+01 1.086035618618494736e+00 2.395536921925457197e+00 3.349408200197758561e+02 3.247026336288166704e+02 7.274515693519835224e+01
1.200000000000000000e+01 1.085277001010880760e+00 2.306104369623459327e+00 4.031677071399847136e+02 5.786250853694760110e+01 7.425295747745688857e+01
1.000000000000000000e+00 1.057792061304679399e+00 2.383434144722233583e+00 -3.444920101203516651e+02 2.108077108138757865e+02 2.845257293335658844e+01
3.000000000000000000e+00 1.000055688550666844e+00 2.350436140458039169e+00 1.030658313773591317e+03 3.102980983906396659e+02 6.120125669687744363e+01
8.000000000000000000e+00 1.065600192353863163e+00 2.391348208043318824e+00 1.539468682921557047e+03 6.302461427785091530e+01 2.406713261363243106e+01
1.000000000000000000e+01 1.086035618618494736e+00 2.395536921925457197e+00 3.349408200197758561e+02 2.623901122149750336e+02 3.979456065753266358e+01
8.000000000000000000e+00 1.065600192353863163e+00 2.391348208043318824e+00 1.539468682921557047e+03 2.454386299769089135e+02 3.794856930331606293e+01
7.000000000000000000e+00 1.079424025770712836e+00 2.382423180922788930e+00 1.103160224606230713e+03 1.114491237480447978e+02 2.850936619184895804e+01
4.000000000000000000e+00 1.027815908980945325e+00 2.334692676810862455e+00 -3.725804569387671563e+02 1.265259104776207693e+02 4.796709208469164309e+01
1.800000000000000000e+01 1.093814922392576605e+00 2.379051420600271971e+00 1.860463084418518065e+02 6.405293132772609965e+01 5.248351984760392241e+01
2.000000000000000000e+01 1.006217511983630741e+00 2.373034251717597964e+00 3.684625779963685090e+02 1.629448348823144244e+01 6.437897639077874601e+01
1.200000000000000000e+01 1.085277001010880760e+00 2.306104369623459327e+00 4.031677071399847136e+02 6.039548360266388727e+01 4.907241811341079796e+01
1.900000000000000000e+01 1.068681360345020259e+00 2.308750986221081547e+00 2.159703824388066096e+01 1.460926256230624745e+02 3.248235250216613679e+01
1.500000000000000000e+01 1.091830630507228950e+00 2.322716997967865904e+00 1.227694850694603701e+03 1.146907014158010725e+02 4.217604968112452468e+01
6.000000000000000000e+00 1.077028946723981306e+00 2.305655246336049569e+00 9.121073436297419903e+02 1.139863009034224035e+02 2.885162151913332451e+01
1.600000000000000000e+01 1.037294632175062903e+00 2.324539042579556014e+00 1.484573062767932242e+03 8.570868187240927227e+01 3.211920747909312013e+01
9.000000000000000000e+00 1.006349679714757750e+00 2.323275207328511449e+00 9.102185001368070516e+02 2.966105281171188608e+02 7.164768843226997319e+01
8.000000000000000000e+00 1.065600192353863163e+00 2.391348208043318824e+00 1.539468682921557047e+03 3.990581000534043454e+01 5.758648339935948002e+01
1.600000000000000000e+01 1.037294632175062903e+00 2.324539042579556014e+00 1.484573062767932242e+03 2.710274670831543062e+02 4.622292026662895381e+01
1.700000000000000000e+01 1.067892851604389515e+00 2.390778929375713346e+00 1.174157707932741232e+03 8.085144429034460245e+01 5.000675841226689045e+01
3.000000000000000000e+00 1.000055688550666844e+00 2.350436140458039169e+00 1.030658313773591317e+03 2.851285013241795809e+02 7.359282864905055987e+01
1.800000000000000000e+01 1.093814922392576605e+00 2.379051420600271971e+00 1.860463084418518065e+02 1.254534523444976628e+02 7.602898465829494512e+01
7.000000000000000000e+00 1.079424025770712836e+00 2.382423180922788930e+00 1.103160224606230713e+03 2.416821210860871361e+02 5.779092702078663280e+01
1.600000000000000000e+01 1.037294632175062903e+00 2.324539042579556014e+00 1.484573062767932242e+03 3.581978956269323930e+02 7.026373197698171680e+01
1.900000000000000000e+01 1.068681360345020259e+00 2.308750986221081547e+00 2.159703824388066096e+01 2.733066668849165808e+02 4.297932220837656558e+01
7.000000000000000000e+00 1.079424025770712836e+00 2.382423180922788930e+00 1.103160224606230713e+03 1.541037677756139033e+02 7.351739989116174456e+01
2.000000000000000000e+00 1.013109876287121347e+00 2.383354229365314936e+00 4.205859696968780099e+02 9.273663944619281452e-01 6.318153843873844977e+01
1.100000000000000000e+01 1.086295175084608156e+00 2.360869098049565906e+00 5.905350798282286178e+02 2.613049779271991611e+02 6.822912163805690966e+01
1.700000000000000000e+01 1.067892851604389515e+00 2.390778929375713346e+00 1.174157707932741232e+03 3.381835473337232401e+01 3.980246006071022435e+01
1.000000000000000000e+00 1.057792061304679399e+00 2.383434144722233583e+00 -3.444920101203516651e+02 3.502640652029629678e+02 6.213687080519720496e+01
7.000000000000000000e+00 1.079424025770712836e+00 2.382423180922788930e+00 1.103160224606230713e+03 3.209740667908178580e+02 3.367183325012275930e+01
1.400000000000000000e+01 1.087661653459348399e+00 2.309912567856069021e+00 1.376587521814861702e+03 6.333890021658918101e+01 4.185073759302646579e+01
3.000000000000000000e+00 1.000055688550666844e+00 2.350436140458039169e+00 1.030658313773591317e+03 2.882810618644730880e+02 8.181824807706183833e+01
1.700000000000000000e+01 1.067892851604389515e+00 2.390778929375713346e+00 1.174157707932741232e+03 3.303287287691446750e+02 2.508609140314260699e+01
1.400000000000000000e+01 1.087661653459348399e+00 2.309912567856069021e+00 1.376587521814861702e+03 7.404256530794566515e+01 7.217885707931569073e+01
6.000000000000000000e+00 1.077028946723981306e+00 2.305655246336049569e+00 9.121073436297419903e+02 2.527914151863919301e+02 6.128329171356384819e+01
7.000000000000000000e+00 1.079424025770712836e+00 2.382423180922788930e+00 1.103160224606230713e+03 2.587364512048798701e+02 4.686284515420154406e+01
6.000000000000000000e+00 1.077028946723981306e+00 2.305655246336049569e+00 9.121073436297419903e+02 5.114344880953652961e+01 4.443425161218045361e+01
1.100000000000000000e+01 1.086295175084608156e+00 2.360869098049565906e+00 5.905350798282286178e+02 2.743959287233436726e+02 6.549406766552337444e+01
1.700000000000000000e+01 1.067892851604389515e+00 2.390778929375713346e+00 1.174157707932741232e+03 2.161940096485124059e+02 2.407479120730949873e+01
2.000000000000000000e+00 1.013109876287121347e+00 2.383354229365314936e+00 4.205859696968780099e+02 3.396936060333050591e+02 4.620464906337682010e+01
1.400000000000000000e+01 1.087661653459348399e+00 2.309912567856069021e+00 1.376587521814861702e+03 3.099211088494857336e+02 4.414756936743503246e+01
3.000000000000000000e+00 1.000055688550666844e+00 2.350436140458039169e+00 1.030658313773591317e+03 1.374546653881114651e+02 4.049678556078708880e+01
2.000000000000000000e+01 1.006217511983630741e+00 2.373034251717597964e+00 3.684625779963685090e+02 2.687276860923751656e+02 4.851691528347562610e+01
1.600000000000000000e+01 1.037294632175062903e+00 2.324539042579556014e+00 1.484573062767932242e+03 3.344749704697188122e+02 5.597302226682576531e+01
1.100000000000000000e+01 1.086295175084608156e+00 2.360869098049565906e+00 5.905350798282286178e+02 3.922757506600956390e+01 5.593711963428335565e+01
9.000000000000000000e+00 1.006349679714757750e+00 2.323275207328511449e+00 9.102185001368070516e+02 3.011696020764875925e+02 2.798939643938444632e+01
1.000000000000000000e+00 1.057792061304679399e+00 2.383434144722233583e+00 -3.444920101203516651e+02 3.482571427402114068e+02 4.058275666124524861e+01
1.100000000000000000e+01 1.086295175084608156e+00 2.360869098049565906e+00 5.905350798282286178e+02 2.078871605271621661e+02 3.705847209030386580e+01
2.000000000000000000e+01 1.006217511983630741e+00 2.373034251717597964e+00 3.684625779963685090e+02 1.122082668588899566e+02 6.126685468775220755e+01
1.200000000000000000e+01 1.085277001010880760e+00 2.306104369623459327e+00 4.031677071399847136e+02 3.522566504582582638e+02 4.325147231102966572e+01
1.000000000000000000e+01 1.086035618618494736e+00 2.395536921925457197e+00 3.349408200197758561e+02 5.165230685515061992e+01 2.861514257782555148e+01
1.700000000000000000e+01 1.067892851604389515e+00 2.390778929375713346e+00 1.174157707932741232e+03 1.358771237166567403e+02 4.782829908706381161e+01
1.200000000000000000e+01 1.085277001010880760e+00 2.306104369623459327e+00 4.031677071399847136e+02 2.409012437326990437e+02 5.714499241479272484e+01
1.500000000000000000e+01 1.091830630507228950e+00 2.322716997967865904e+00 1.227694850694603701e+03 1.868526847831479927e+02 6.960972810731233551e+01
1.700000000000000000e+01 1.067892851604389515e+00 2.390778929375713346e+00 1.174157707932741232e+03 4.193762061787936801e+01 6.095591623343355536e+01
1.000000000000000000e+01 1.086035618618494736e+00 2.395536921925457197e+00 3.349408200197758561e+02 9.489256402585701267e+01 2.477742315481339119e+01
8.000000000000000000e+00 1.065600192353863163e+00 2.391348208043318824e+00 1.539468682921557047e+03 1.835870590162974452e+02 3.963490069461830245e+01
5.000000000000000000e+00 1.088145673621301990e+00 2.346517782293722654e+00 -1.408737924021841081e+01 4.137872848885849209e+01 3.703091890226128413e+01
1.000000000000000000e+00 1.057792061304679399e+00 2.383434144722233583e+00 -3.444920101203516651e+02 1.014756600370436530e+02 4.722810084657093199e+01
6.000000000000000000e+00 1.077028946723981306e+00 2.305655246336049569e+00 9.121073436297419903e+02 2.683513497113860922e+02 4.823043479373998110e+01
1.900000000000000000e+01 1.068681360345020259e+00 2.308750986221081547e+00 2.159703824388066096e+01 4.018464537261453273e+01 5.719801952992106919e+01
1.400000000000000000e+01 1.087661653459348399e+00 2.309912567856069021e+00 1.376587521814861702e+03 3.155654341885128247e+02 2.252603309018250144e+01
1.000000000000000000e+01 1.086035618618494736e+00 2.395536921925457197e+00 3.349408200197758561e+02 2.105660135265872270e+02 2.299996730641731091e+01
1.200000000000000000e+01 1.085277001010880760e+00 2.306104369623459327e+00 4.031677071399847136e+02 1.389023844919917963e+02 4.224984882945992126e+01
1.700000000000000000e+01 1.067892851604389515e+00 2.390778929375713346e+00 1.174157707932741232e+03 1.599808516871884478e+02 2.362509526995951603e+01
1.600000000000000000e+01 1.037294632175062903e+00 2.324539042579556014e+00 1.484573062767932242e+03 2.113542479504557718e+02 3.877722530953138147e+01
8.000000000000000000e+00 1.065600192353863163e+00 2.391348208043318824e+00 1.539468682921557047e+03 3.288058048253875540e+02 4.260518027484444303e+01
9.000000000000000000e+00 1.006349679714757750e+00 2.323275207328511449e+00 9.102185001368070516e+02 3.391758155327351432e+01 3.883262346154071309e+01
1.700000000000000000e+01 1.067892851604389515e+00 2.390778929375713346e+00 1.174157707932741232e+03 7.192745853362796993e+01 2.090165646613689532e+01
1.200000000000000000e+01 1.085277001010880760e+00 2.306104369623459327e+00 4.031677071399847136e+02 3.155267978754399678e+02 5.313931179787046943e+01
1.200000000000000000e+01 1.085277001010880760e+00 2.306104369623459327e+00 4.031677071399847136e+02 3.120906993465719665e+02 4.398721200910987505e+01
1.200000000000000000e+01 1.085277001010880760e+00 2.306104369623459327e+00 4.031677071399847136e+02 3.836590812616860191e+00 4.336452169752715946e+01
2.000000000000000000e+00 1.013109876287121347e+00 2.383354229365314936e+00 4.205859696968780099e+02 2.344027487277715522e+02 3.447480251454305034e+01
1.100000000000000000e+01 1.086295175084608156e+00 2.360869098049565906e+00 5.905350798282286178e+02 2.971111452843240954e+02 2.511955768242010478e+01
1.000000000000000000e+01 1.086035618618494736e+00 2.395536921925457197e+00 3.349408200197758561e+02 7.229574655289829366e+01 3.278730662380738181e+01
1.800000000000000000e+01 1.093814922392576605e+00 2.379051420600271971e+00 1.860463084418518065e+02 2.260297656846612711e+02 6.631973621710075406e+01
1.100000000000000000e+01 1.086295175084608156e+00 2.360869098049565906e+00 5.905350798282286178e+02 2.191206369107454748e+02 2.040899493079809446e+01
9.000000000000000000e+00 1.006349679714757750e+00 2.323275207328511449e+00 9.102185001368070516e+02 1.514666257186855347e+01 7.029828824092186323e+01
1.600000000000000000e+01 1.037294632175062903e+00 2.324539042579556014e+00 1.484573062767932242e+03 4.764107083624162797e+00 3.268437604208531155e+01
1.000000000000000000e+00 1.057792061304679399e+00 2.383434144722233583e+00 -3.444920101203516651e+02 9.232221369253036869e+01 3.721434174046395782e+01
6.000000000000000000e+00 1.077028946723981306e+00 2.305655246336049569e+00 9.121073436297419903e+02 1.647761723169151082e+02 5.216241343332779934e+01
1.300000000000000000e+01 1.091986050381342332e+00 2.354701931928641745e+00 -5.641535585799041428e+02 9.847704374903896962e+01 4.353479680491678039e+01
6.000000000000000000e+00 1.077028946723981306e+00 2.305655246336049569e+00 9.121073436297419903e+02 1.439547575258283700e+02 2.056699745982324501e+01
4.000000000000000000e+00 1.027815908980945325e+00 2.334692676810862455e+00 -3.725804569387671563e+02 7.995533604125999716e+01 3.429423427854820972e+01
